mae:
[[ 0.8383   0.8416   0.8422   0.8456 ]
 [ 0.82075  0.8212   0.8221   0.82325]
 [ 0.82135  0.82415  0.8231   0.8256 ]
 [ 0.83315  0.83205  0.83905  0.84205]
 [ 0.8431   0.84785  0.84975  0.8583 ]]
error
[[ 0.5976   0.5985   0.59815  0.59895]
 [ 0.594    0.5931   0.5929   0.59245]
 [ 0.59405  0.59395  0.5925   0.59335]
 [ 0.6058   0.6041   0.60755  0.60725]
 [ 0.60765  0.61015  0.60985  0.61245]]

cb_mae:
[[ 0.8782  0.8782  0.8782  0.8782]
 [ 0.8495  0.8495  0.8495  0.8495]
 [ 0.8361  0.8361  0.8361  0.8361]
 [ 0.8477  0.8477  0.8477  0.8477]
 [ 0.8496  0.8496  0.8496  0.8496]]
cb_error
[[ 0.6161   0.6161   0.6161   0.6161 ] 
 [ 0.608    0.608    0.608    0.608  ]
 [ 0.60205  0.60205  0.60205  0.60205]
 [ 0.61505  0.61505  0.61505  0.61505]
 [ 0.6126   0.6126   0.6126   0.6126 ]]
[ 0.83133  0.83337  0.83524  0.83896] [ 0.59982  0.59996  0.60019  0.60089]
[ 0.85222  0.85222  0.85222  0.85222] [ 0.61076  0.61076  0.61076  0.61076]